"0","plot(model_new, main=""Random Forest Nuevo"")"
